[gd_scene load_steps=6 format=3 uid="uid://cc35iv77e6ldw"]

[ext_resource type="PackedScene" uid="uid://75idli65k4ci" path="res://Player/player.tscn" id="1_3qhdt"]
[ext_resource type="Script" path="res://Player/Scripts/DebugDraw.gd" id="3_0gb3w"]
[ext_resource type="PackedScene" uid="uid://13mt5kqbgjme" path="res://Actors/npc_character.tscn" id="4_r7cca"]
[ext_resource type="PackedScene" uid="uid://dk67svgh0rdsk" path="res://Environment/RuinedBuilding/RuinedBuilding.tscn" id="5_dsxqk"]

[sub_resource type="WorldBoundaryShape3D" id="WorldBoundaryShape3D_igjwg"]

[node name="Node3D" type="Node3D"]
transform = Transform3D(1, 0, 0, 0, 1, 0, 0, 0, 1, 0.053031, -0.00799417, -0.052619)

[node name="Player" parent="." instance=ExtResource("1_3qhdt")]
transform = Transform3D(1, 0, 0, 0, 1, 0, 0, 0, 1, 3.89955, 1, 0)

[node name="DebugDraw" type="Control" parent="."]
layout_mode = 3
anchors_preset = 0
offset_right = 40.0
offset_bottom = 40.0
script = ExtResource("3_0gb3w")
drawDebug = true
drawAimDebug = true
drawShotDebug = true

[node name="Scene" type="Node3D" parent="."]

[node name="DirectionalLight3D" type="DirectionalLight3D" parent="Scene"]
transform = Transform3D(0.789745, -0.579545, 0.201075, -0.550087, -0.523995, 0.650256, -0.271491, -0.624145, -0.732623, 6.42509, 7.81806, -9.21624)
shadow_enabled = true

[node name="RuinedBuilding" parent="Scene" instance=ExtResource("5_dsxqk")]
transform = Transform3D(-7.62939e-06, 0, -100, 0, 100, 0, 100, 0, -7.62939e-06, 0, -7.49742, 0)

[node name="StaticBody3D" type="StaticBody3D" parent="Scene"]
transform = Transform3D(1, 0, 0, 0, 1, 0, 0, 0, 1, 8.72235, -7.18809, 0)

[node name="CollisionShape3D" type="CollisionShape3D" parent="Scene/StaticBody3D"]
shape = SubResource("WorldBoundaryShape3D_igjwg")

[node name="NPCCharacter" parent="." instance=ExtResource("4_r7cca")]
transform = Transform3D(-0.998139, 0, -0.0609793, 0, 1, 0, 0.0609793, 0, -0.998139, 3.83823, 3.84144, -2.03697)

[node name="NPCCharacter2" parent="." instance=ExtResource("4_r7cca")]
transform = Transform3D(-0.792386, 0, -0.610021, 0, 1, 0, 0.610021, 0, -0.792386, 9.34299, 5.96046e-07, -2.65972)

[node name="NPCCharacter3" parent="." instance=ExtResource("4_r7cca")]
transform = Transform3D(-0.583981, 0, 0.811768, 0, 1, 0, -0.811768, 0, -0.583981, 1.34258, 3.89773, -4.75775)

[node name="NPCCharacter4" parent="." instance=ExtResource("4_r7cca")]
transform = Transform3D(0.791416, 0, -0.611279, 0, 1, 0, 0.611279, 0, 0.791416, 9.12538, 0.0106288, -10.4176)

[connection signal="shotFired" from="Player" to="DebugDraw" method="_on_player_shot_fired"]
[connection signal="shotFired" from="Player" to="NPCCharacter" method="_on_player_shot_fired"]
